Start: 1686471350.460269154
End  : 1686471355.129617274
Execution time: 4.669348120
