Start: 1686497283.227662897
End  : 1686497286.818272060
Execution time: 3.590609163
