Start: 1686405564.600038406
End  : 1686405568.904539924
Execution time: 4.304501518
